00000001010000000000000001100011
00000001100000000100000000001000
00000001100001000000000000000000
00000001000100000000000001111011
00000001000110000000000000000000
00000001100000010000000000000000
00000010000100000000000101000001
00000010000110000000000000000000
00000011000100000000000011101010
00000011000110000000000000000000
00000100000100000000000000000011
00000100000110000000000000000000
00000101000100000000000000000011
00000101000110000000000000000000
00000110000100000000000001111011
00000110000110000000000000000000
00000111000100000000000101000001
00000111000110000000000000000000
00001000000100000000000000000000
00001000000010000000000000000000
00001001000100000000000000000000
00001001000110000000000000000000
00001010000000000000000000000100
00001010000000010000000000000100
00001010000000100000000000000100
00001010000000110000000000000100
00001011000100000000000000000000
00001100000100000000000000000000
00000000000000000000000000000000